7363
7363
7363
7363
7363
7363
7363
7363
7363
7363
7363
7363
7363
7363
7363
7363
7363
0001
0001
0001
0001
0001
0001
0001
0001
a77f
a77f
a77f
a77f
a77f
a77f
a77f
a77f
a77f
a77f
a77f
a77f
a77f
a77f
a77f
a77f
a77f
a77f
a77f
0001
0001
0001
0001
0000
0000
0000
0000
0000
0000
0000
0000
0000
0000
0000
0000
0000
0000
0000
0000
0000
0000
0000
0000
0000
0000
0000
0000
0000
0000
0000
0000
0000
0000
0000
0000
0000
0000
0000
0000
0000
0000
0000
0000
ffb0
ffb0
ffb0
ffb0
ffd0
ffd0
ffd0
ffd0
ffd0
ffd0
ffd0
ffd0
ffd0
0000
0000
0000
0000
0000
0000
0000
0000
0000
0000
0000
0000
22bd
22bd
22bd
22bd
22bd
22bd
22bd
22bd
ffdd
ffdd
ffdd
ffcf
ffcf
ffcf
ffcf
ffcf
ffcf
ffcf
ffcf
ffcf
ffcf
ffcf
ffcf
ffcf
ffcf
ffcf
ffcf
ffcf
ffcf
ffcf
ffcf
ffcf
ffcf
ffcf
ffcf
ffcf
ffcf
ffcf
ffcf
ffcf
ffcf
ffcf
ffcf
ffcf
ffcf
ffcf
ffcf
ffcf
ffcf
ffcf
ffcf
ffcf
ffcf
ffcf
ee68
ee68
ee68
ee68
ee68
ee68
ee68
ee68
ee68
ee68
ee68
ee68
ee68
ee68
ee68
ee68
ee68
ee68
ee68
ee68
0000
0000
0000
0000
0000
0000
0000
0000
0000
0000
ed8f
ed8f
ed8f
ed8f
ed8f
ed8f
ed8f
ed8f
ed8f
ed8f
ed8f
ed8f
ed8f
ed8f
ed8f
ed8f
ed8f
ed8f
ed8f
ed8f
ed8f
ed8f
ed8f
ed8f
ed8f
ed8f
ed8f
ed8f
ed8f
ed8f
ed8f
ed8f
ed8f
ed8f
ed8f
ed8f
ed8f
ed8f
ed8f
ed8f
ed8f
ed8f
ed8f
ed8f
ed8f
ed8f
0001
0001
0001
0001
0001
0001
0001
0001
0001
0001
0001
0001
0001
0001
0001
0001
ff98
0001
0001
0001
0001
0001
0001
119b
119b
119b
119b
119b
119b
119b
119b
119b
119b
119b
119b
119b
119b
119b
119b
119b
119b
119b
119b
119b
119b
119b
119b
119b
119b
119b
119b
119b
119b
119b
fa5e
fa5e
fa5e
0001
0001
0001
0001
0001
0001
0001
0001
0068
0068
0068
0068
0068
0068
0068
0068
0068
0068
0068
9403
9403
9403
9403
9403
9403
9403
9403
ffcf
ffcf
ffcf
ffcf
ffcf
ffcf
000e
000e
000e
0001
0001
0001
0001
0001
0001
0001
a1de
a1de
a1de
0000
0000
0000
0000
0000
0000
0000
0000
0000
0000
0000
0000
0000
0000
0000
0000
0000
0000
0000
ff85
ff85
ff85
ff85
ff85
ff85
ff85
ff85
a25b
a25b
a25b
a25b
a25b
a25b
a25b
a25b
0000
0000
0000
0000
0000
0000
0000
0000
0000
0000
0000
0000
0000
0000
0000
0000
0000
0000
0000
0000
0000
0000
0000
0000
0000
0000
0000
0000
0000
0000
0000
0000
0000
0000
0000
0000
0000
0000
0000
0000
0000
0000
0000
0000
0000
0000
0000
0000
0000
0000
0000
0000
ffbd
0000
0000
0000
0000
0000
0000
0000
0000
0000
0000
0000
0000
0000
0000
0000
0000
ffb8
ffb8
ffb8
ffb8
ffb8
ffb8
ffb8
ffb8
0000
0000
0000
0000
0000
0000
0000
0000
0000
0000
0000
0000
0000
0000
0000
0000
0000
0000
0000
0000
0000
0000
0000
0000
0000
0000
0000
0000
0000
0000
0000
0000
0000
0000
0000
0000
0000
0000
0000
0000
0000
0000
0000
0000
0000
0000
0000
0000
0000
0000
0000
0000
0000
0000
0000
0000
0000
0000
0000
889e
889e
889e
889e
889e
889e
8904
8904
0001
0001
0001
0001
0001
0001
0001
0001
0001
0001
0001
0001
0001
0001
0001
0001
0001
0001
0001
0001
0001
0001
0001
0001
0001
0001
0001
0001
0048
0048
0048
0048
0048
0048
0013
0013
0013
0013
0013
0013
0013
0013
0013
0013
5758
5758
5758
5758
5758
5758
5758
5758
5758
5758
5758
5758
5758
5758
5758
5758
5758
5758
5758
5758
5758
5758
5758
5758
5758
5758
0000
0000
0000
0000
0000
0000
0000
0000
0000
0000
0000
0000
0000
0000
0000
0000
0000
0000
0000
0000
0000
0000
0000
0000
0000
0000
0000
0000
0000
0000
0000
0000
0001
0001
0001
0001
0001
0001
0001
0001
0001
0001
0001
0001
0001
0001
0001
0001
0001
0001
0001
0001
0001
0001
0001
ff74
ff74
ff74
ff74
ff74
ff74
ff74
ff74
ff74
ff74
ff74
ff74
ff74
ff74
ff74
ff74
ff74
ff74
0000
0000
0000
0000
0000
0000
0000
0000
0000
0000
0000
0000
0000
0000
0000
0000
0000
0000
0000
0000
0001
0001
0001
0001
0001
0001
0001
0001
0001
0001
0001
0001
0001
0001
0001
0001
0001
0001
0001
0001
0001
0001
0001
0001
0001
0001
0001
fffd
fffd
fffd
0000
0000
0000
0000
0000
0000
0000
0000
0000
0000
0000
0000
0000
0000
0000
0000
0000
0000
0000
0000
0000
0000
0000
0000
0000
0000
0000
ffa9
ffa9
ffa9
ffa9
ffa9
ffa9
ffa9
ffa9
ffa9
0001
0001
0001
0001
0001
0001
0001
0001
0001
0001
0001
0001
0001
0001
0001
0001
0001
0001
0001
0001
0001
0001
0001
0001
0001
0001
0001
0001
0001
0001
0001
0001
0001
0001
0001
0001
0001
0001
0001
0001
0001
0001
0001
0001
0001
0001
0001
0001
0001
0001
0001
0001
0001
0001
0001
0001
0001
0001
0001
0001
0001
0001
0001
0001
0001
0001
0001
0001
0001
0001
0001
0001
0001
0001
0001
0001
0001
0001
0001
0001
0001
0001
0042
0042
0042
0042
0042
0042
0042
0042
0042
0042
0042
0042
0042
0042
0042
0042
0042
0042
0042
0042
0000
0000
0000
0000
0000
0000
0000
0000
0000
0000
0000
0000
0000
0000
0000
0000
0000
0000
0000
0000
0000
0000
0000
0000
0000
0000
0000
0000
0000
0000
0000
0000
0001
0001
0001
0001
0001
0001
0001
0001
0001
0001
0001
0001
0001
0001
0001
0001
0000
0000
0000
0000
0000
0000
0000
0000
0000
0000
0000
0000
b338
b338
b338
b338
b338
b338
b338
b338
b338
b338
b338
b338
b338
b338
b338
b338
b338
b338
0000
0000
0000
0000
0000
0000
0000
0000
0000
0000
0000
0000
0001
0001
0001
0001
0001
0001
0001
0001
0001
0001
0001
0001
0001
0001
0001
0000
0000
0000
0000
0000
0000
0000
0000
c1f1
c1f1
c1f1
c1f1
c1f1
0000
0000
0000
0000
0000
0000
0000
0000
0000
0000
0000
0000
ffd1
ffd1
ffd1
ffd1
ffd1
ffd1
ffd1
ffd1
ffd1
ffd1
ffd1
ffd1
ffd1
ffd1
