0000
0000
0000
0000
0000
0000
0000
0000
0000
0000
0000
0000
0000
0000
0000
fda5
fda5
fda5
fda5
fda5
fda5
fda5
0001
0001
0001
0001
0001
0001
0001
0001
0001
0001
0001
0001
0001
0001
0001
0001
0001
0001
0001
0001
0001
006e
006e
006e
006e
006e
006e
006e
006e
006e
006e
006e
006e
006e
006e
006e
006e
006e
006e
006e
006e
006e
006e
006e
006e
006e
006e
006e
006e
0000
0000
0000
0000
0000
0000
0043
0043
0043
0043
0043
0043
0043
0043
0043
0043
0043
0043
0043
0043
0043
0043
0043
0043
0043
0043
0043
0043
0043
0043
0043
0043
0043
0000
0000
0000
0000
0000
0000
0000
0000
0000
0000
0000
0000
0000
0000
0000
0000
0000
0000
0001
0001
0001
0001
0001
0001
0001
0001
0001
0001
0001
0001
0001
0001
0001
0001
0001
0001
0001
0001
0001
0001
0001
0001
0001
0001
0001
0001
0001
0001
ffcf
ffcf
ffcf
ffcf
ffcf
ffcf
ffcf
ffcf
ffcf
ffcf
ffcf
1184
1184
1184
1184
1184
1184
1184
1184
1184
1184
1184
1184
1184
1184
1184
1184
1184
1184
1184
1184
1184
1184
1184
1184
1184
1184
1184
1184
1184
1184
1184
1184
1184
1184
1184
1184
1184
1184
1184
1184
1184
1184
1184
1184
1184
1184
1184
1184
1184
1184
1184
1184
1184
1184
1184
1184
007f
007f
007f
007f
007f
1201
1201
1201
1201
1201
1201
1201
1201
1201
1201
1201
1201
1201
1201
1201
1201
1201
1201
1201
1201
1201
1201
1201
1201
1201
1201
1201
1201
0001
0001
0001
0001
0001
0001
ffd1
ffd1
ffd1
ffd1
ffd1
ffd1
0000
0000
0000
0000
0000
0000
0000
0000
0000
0000
0000
0000
0000
0000
0000
0000
0000
0000
0000
0000
0000
0000
0000
0000
0000
0000
0000
0001
0001
0001
0001
0001
0001
0001
0001
0001
0001
0001
0001
0001
0001
0001
0000
0000
0000
0000
0000
0000
0000
0000
0000
0000
0000
0000
0000
0000
0000
0000
0000
0000
0000
0000
0000
0000
0000
003a
003a
003a
003a
003a
003a
003a
003a
003a
003a
003a
003a
003a
003a
003a
003a
003a
003a
003a
003a
003a
003a
003a
003a
003a
003a
003a
003a
003a
003a
003a
003a
003a
003a
003a
003a
003a
003a
003a
003a
003a
0001
0001
0001
0001
0001
0000
0000
0000
0000
0000
0000
0000
0000
0000
0000
0000
0000
0001
0001
0001
0001
0001
0001
0001
0001
0001
0001
0001
0001
0001
0001
0001
0001
0001
0001
0001
0001
0001
0001
0001
0001
0001
0001
0001
0001
0001
0001
0001
0001
0001
0001
0001
0001
0001
0001
0001
0001
0001
0000
0000
0000
0000
0000
0000
0000
0000
0000
0000
0000
0000
0000
0000
0000
0000
0000
0000
0000
0006
0006
0006
0006
0006
0006
0006
0006
0006
0006
0006
0006
0006
0006
0006
0006
3f63
3f63
3f63
3f63
3f63
0001
0001
0001
0001
0001
0001
0001
0001
0001
0001
0001
0001
0001
0001
0001
0001
0001
0001
0001
0001
0001
0001
0001
0001
0001
0001
0001
0001
0001
0001
0001
0001
0001
0001
0001
0001
0001
0001
0001
0001
0001
0001
0001
0001
0001
0001
fff1
fff1
fff1
fff1
fff1
fff1
fff1
fff1
fff1
fff1
fff1
fff1
fff1
fff1
fff1
fff1
fff1
fff1
fff1
fff1
fff1
fff1
fff1
fff1
fff1
0001
0001
0001
0001
0001
0001
0001
67cb
67cb
67cb
67cb
67cb
67cb
67cb
67cb
67cb
67cb
67cb
67cb
67cb
67cb
67cb
67cb
67cb
67cb
67cb
67cb
67cb
67cb
67cb
67cb
67cb
67cb
67cb
67cb
67cb
67cb
67cb
67cb
67cb
0000
0000
0000
0000
0000
0000
0000
0000
0000
0000
0000
0000
0000
0000
0000
0000
0000
0000
0000
0000
0000
0000
0000
0000
0000
0000
0000
0000
0000
0000
0000
0000
0000
0000
0000
0000
0000
0000
0000
0000
0000
0000
0000
0000
0000
0000
0000
0000
0000
0000
0000
0000
0000
0000
0000
0000
0000
0001
0001
0001
0001
0001
0001
0001
0001
0001
0001
0001
0001
0001
0001
0001
0001
0001
0001
0001
0001
0001
0001
0001
0001
0001
0001
0001
0001
0036
0036
0036
0036
0036
0036
0036
0036
0036
005f
005f
005f
005f
005f
005f
005f
005f
005f
005f
005f
005f
005f
0000
0000
0000
0000
0000
0000
0000
0000
0000
0000
0000
0000
0000
0000
0000
0000
0000
0000
0000
0000
0000
0000
0000
0000
0000
0000
0000
0000
0000
0000
0000
0000
0000
0000
0000
0000
0000
0000
0000
0000
0000
0000
0052
0052
0001
0001
0001
0001
0001
0001
0001
ffff
ffff
ffff
ffff
ffff
ffff
ffff
0001
0001
0001
0001
0001
0001
0001
0001
0001
0001
0001
0001
0001
0001
0001
0001
0001
0001
0001
0001
0001
0001
0001
0001
0001
0001
0001
0001
0001
0001
0001
0001
0001
0001
0001
0001
0001
0001
ffd9
0000
0000
0000
0000
ffe5
ffe5
ffe5
ffe5
ffe5
ffe5
ffe5
ffe5
ffe5
ffe5
ffe5
ffe5
ffe5
ffe5
ffe5
2fae
2fae
2fae
2fae
2fae
2fae
2fae
2fae
2fae
2fae
2fae
2fae
2fae
2fae
004c
004c
004c
004c
004c
004c
004c
004c
004c
004c
6b90
6b90
6b90
6b90
6b90
6b90
6b90
6b90
6b90
6b90
6b90
6b90
6b90
6b90
6b90
6b90
6b90
6b90
6b90
6b90
6b90
6b90
6b90
6b90
6b90
6b90
193b
193b
193b
193b
193b
193b
0000
0000
0000
0000
0000
0000
0000
0000
0000
0000
0000
0000
0000
0000
0000
0000
0000
0000
0000
0000
0000
0000
0000
0000
0000
0000
0000
0000
0000
0000
0000
0000
0000
0028
0028
0028
0028
0028
0001
0001
0001
0001
0001
0001
0001
0001
0001
0001
0001
0001
0001
0001
0001
0001
0001
0001
0001
0001
0001
0001
0001
0001
0001
0000
0000
0000
0000
0000
0000
0000
0000
0000
0001
0001
0001
0001
0001
0001
0001
0001
0001
0001
0001
0001
0001
0001
0001
0001
0000
0000
0000
0000
0000
0000
0000
0000
0000
0000
0000
0000
0000
0000
0000
0000
0000
0000
0000
0000
0000
0000
0000
0000
0000
0000
0000
0000
0000
0000
0000
0000
0000
0000
0000
0000
0000
0000
0000
0000
0000
0000
0000
0000
0000
0000
0000
0000
0000
0000
0000
0000
0000
0000
