0000
0000
0000
0000
0000
a796
a796
a796
a796
a796
a796
a796
a796
a796
a796
a796
a796
a796
a796
a796
a796
a796
a796
a796
a796
a796
a796
a796
a796
a796
a796
a796
a796
a796
a796
a796
a796
a796
a796
a796
4a33
4a33
4a33
4a33
0000
0000
0000
0000
0000
0000
0000
0000
0000
0000
0000
0000
0000
0000
0000
0000
0000
0000
0000
0000
0000
0000
0000
0000
0001
0001
0001
0001
0001
0001
0001
0001
0001
0001
0001
0001
0001
0001
0001
0001
0001
0001
0001
0001
0001
0001
0001
0001
0001
0001
0001
0001
0001
0001
0001
0001
0001
0001
0001
115f
115f
115f
115f
115f
115f
115f
1dc5
1dc5
1dc5
1dc5
1dc5
1dc5
1dc5
1dc5
1dc5
1dc5
1dc5
1dc5
1dc5
1dc5
1dc5
1dc5
1dc5
1dc5
1dc5
1dc5
1dc5
1dc5
1dc5
1dc5
1dc5
1dc5
0001
0001
0001
0001
0001
0001
0001
0001
0001
0001
0001
0001
0001
ffda
ffda
ffda
ffda
ffda
ffda
ffda
ffda
ffda
ffda
ffda
ffda
ffda
ffda
ffda
ffda
ffda
ffda
ffda
ffda
10ec
0001
0001
0001
0001
0001
0001
0001
0001
0001
0001
0001
0001
0001
0001
0001
0001
0001
0001
0001
0001
0001
0001
0001
0001
0001
1202
1202
1202
1202
1202
1202
1202
1202
1202
1202
1202
1202
1202
1202
1202
1202
1202
1202
1202
1202
1202
1202
1202
1202
1202
1202
1202
1202
1202
1202
1202
1202
1202
1202
0001
0001
0001
0001
0001
0001
0001
0001
0001
0001
0001
0001
0001
0001
0001
0001
0001
0001
3e43
3e43
3e43
3e43
3e43
3e43
3e43
3e43
3e43
3e43
3e43
3e43
3e43
3e43
3e43
3e43
3e43
3e43
3e43
3e43
3e43
3e43
3e43
3e43
3e43
3e43
3e43
3e43
3e43
3e43
0016
0016
0016
0016
0016
0016
0016
0016
0016
0016
0000
0000
0000
0000
0000
0000
0000
0000
0000
0000
0000
0000
0001
0001
0001
0001
0001
0001
0001
0001
0001
0001
0001
0001
0001
0001
0001
0001
0001
0001
0001
0001
0001
0001
0001
0001
0001
0001
0001
0001
0001
0001
0001
0001
0001
0001
0001
0001
0075
0075
0075
0075
0075
0075
0075
0075
0075
0075
0075
0075
0075
0075
0075
0075
0075
0075
0075
0075
0075
0075
0075
0075
0075
0075
0075
0075
0075
0075
0075
0075
0075
0075
0075
0075
0075
0075
0075
0075
0075
0075
0075
0075
0075
0075
0075
0075
0075
0075
0075
0075
0075
0075
0075
0075
0075
0075
0000
0000
0000
0000
0000
0000
0000
0000
0000
0000
0000
0000
0000
0000
0000
0000
0000
0000
0000
0000
0000
0000
0000
0000
0000
0000
0000
0000
0000
0000
0000
0000
0000
0000
0000
0000
0000
0000
0000
0000
0000
0000
0000
0000
0000
0000
0000
0000
0000
0000
0000
0000
0000
0001
0001
0001
0001
0001
0001
0001
0001
0001
0001
0001
0001
0001
0001
0001
0001
0001
0001
0001
0001
0001
0001
0001
0001
0001
00b7
00b7
00b7
00b7
00b7
00b7
00b7
00b7
00b7
00b7
0000
0000
0000
0000
0000
0000
0000
0000
0000
0000
0000
0000
0000
0000
0000
0000
0000
0000
0000
0000
0000
ffa3
ffa3
ffa3
0000
0000
0000
0000
0000
0000
0000
0000
0000
0000
0000
0000
0000
0000
0000
0000
0000
0000
0000
0000
0000
0000
0000
0000
0000
0000
0000
0000
0000
0000
0001
0001
0001
0001
0001
0001
0001
0001
0000
0000
0000
0000
0000
0000
0000
0000
0000
0000
0000
0000
0000
0000
0000
0000
0000
0000
0000
0000
0000
0000
0000
0000
0000
0000
0000
0000
0000
0000
0000
0000
1778
1778
1778
1778
1778
1778
1778
1778
1778
1778
1778
1778
1778
1778
1765
1765
1765
1765
1765
1765
1765
1765
4dd9
4dd9
4dd9
4dd9
4dd9
4dd9
4dd9
4dd9
4dd9
4dd9
4dd9
4dd9
4dd9
4dd9
01ba
01ba
01ba
01ba
01ba
01ba
0001
0001
0001
0001
0001
0001
0001
0001
0000
0000
0000
0000
e979
e979
e979
e979
e979
e979
e979
e979
ffc0
ffc0
ffc0
0000
0000
0000
0000
0000
0000
0000
0000
0000
0000
0000
0000
0000
0000
0000
0000
0000
0000
0000
0000
0000
0000
0000
0000
0000
0051
0051
0051
0051
0051
0051
0051
0051
0051
0051
0051
0051
0051
0051
0051
0051
0051
0051
0051
0051
ffcd
ffcd
ffcd
ffcd
ffcd
ffcd
ffcd
ffcd
ffcd
ffcd
ffcd
ffcd
ffcd
ffcd
ffcd
ffcd
ffcd
ffcd
ffcd
ffcd
ffcd
ffcd
ffcd
ffcd
ffcd
ffcd
ffcd
ffcd
ffcd
ffcd
ffcd
ffcd
ffcd
0001
0001
0001
0001
0001
0001
0001
0001
0001
0001
0001
0001
0001
0001
0000
0000
0000
0000
0000
0000
0000
0000
0000
0000
0000
0000
0000
0000
0000
0000
0000
0000
0000
0000
0000
0000
0000
0000
0000
0000
0000
0000
0000
0000
0000
0000
0000
0000
0000
0000
0000
0000
0000
0000
0000
0000
0000
0000
0000
0000
0000
0000
0000
0000
0000
0000
0000
0000
ffa5
ffa5
ffa5
ffa5
ffa5
ffa5
ffa5
ffa5
ffce
ffce
ffce
ffce
ffce
ffce
ffce
ffce
ffce
ffce
ffce
0000
0000
0000
0000
0000
0000
0000
0000
0000
0000
0000
0000
0000
0000
0000
0000
0000
0000
0000
0000
0000
0000
0000
0000
0000
0000
0000
0000
0000
0000
0000
0000
0000
0000
0000
0000
0000
0000
0000
0000
0000
0000
0000
6e52
6e52
6e52
6e52
6e52
6e52
6e52
6e52
6e52
6e52
6e52
6e52
6e52
6e52
6e52
6e52
6e52
6e52
6e52
6e52
6e52
6e52
6e52
6e52
6e52
6e52
6e52
6e52
6e52
6e52
6e52
00a2
00a2
00a2
00a2
00a2
00a2
011d
011d
011d
0000
0000
0000
0000
0000
0000
0000
0000
0000
0000
0000
0000
0000
0000
0000
0000
0000
0000
0000
f933
f933
f933
f933
f933
0000
0000
0000
0000
0000
0000
0000
0000
0000
0000
0000
0000
0000
0000
0000
0000
0000
0000
0000
0000
0000
0000
0000
0001
0001
0001
0001
0001
0001
0001
0001
0001
0000
0000
0000
0000
0000
0000
0000
0000
0000
0000
0000
0000
0000
0000
0000
0000
0000
0000
0000
0000
0000
0000
0000
0000
0000
0000
0000
0000
0000
0000
0000
0000
0000
0000
0000
0000
0000
0000
0000
0000
0000
0000
0000
0000
0000
338a
338a
338a
338a
338a
338a
338a
338a
338a
338a
338a
