0000
0000
0000
0000
0000
0000
0000
0000
f7e5
f7e5
f7e5
f7e5
f7e5
f7e5
f7e5
f7e5
f7e5
0000
0000
0000
0000
0000
0000
0000
0000
0000
0000
0000
0000
0000
0000
0000
0000
0000
0000
0001
0001
0001
0001
0001
0001
0001
0001
0001
0001
0001
0001
0001
0001
0001
0001
0001
0001
0001
0001
0001
0001
0001
0001
0001
0001
0001
0001
0001
0001
0001
0001
0001
0001
0001
0001
0001
0001
0001
0001
0001
0001
0001
0001
0001
0001
0001
0001
0001
0001
0001
0001
0001
0001
0001
0001
0001
0001
0001
0001
0001
0001
0001
0001
ae49
ae49
ae49
ae49
ae49
ae49
ae49
ae49
ae49
ae49
ae49
ae49
ae49
ae49
ae49
ae49
ae49
ae49
ae49
ae49
0001
0001
0001
0001
0001
0001
0001
0001
0001
0001
0001
0001
0001
0000
0000
0000
0000
0000
0000
0000
0000
0000
0000
ff91
ff91
ff91
ff91
0000
0000
0000
0000
0000
0000
0000
0000
0000
0000
ff90
ff90
ff90
ff90
ff90
ff90
ff90
ff90
ff90
ff90
ff90
ff90
ff90
ff90
ff90
ff90
ff90
ff90
ff90
ff90
ff90
ff90
ff90
ff90
ff90
ff90
ff90
ff90
ff90
ff90
ff90
ff90
ff90
ff90
ff90
ff90
ff90
ff90
ff90
ff90
ff90
ff90
ff90
ff90
ff90
ff90
ff90
ff90
ff90
0000
0000
0000
0000
0000
0000
0000
0000
0000
0000
0000
0000
0000
0000
0000
0000
0001
0001
0001
0001
0001
0001
0001
0001
0001
0001
0000
0000
0000
0000
0000
0000
0000
0000
0001
0001
0001
0001
0000
0000
0000
0000
0000
0000
0000
0000
0000
0000
0000
0000
0000
0000
0000
0000
0000
0000
0000
0000
0001
0001
0001
0001
0001
0001
0001
0001
002b
002b
002b
002b
002b
002b
002b
002b
002b
002b
002b
002b
002b
002b
002b
002b
002b
002b
002b
002b
002b
002b
002b
002b
002b
002b
002b
002b
002b
002b
002b
002b
002b
002b
002b
002b
002b
002b
ffd6
ffd6
ffd6
ffd6
ffd6
ffd6
ffd6
ffd6
ffd6
ffd6
ffd6
ffd6
ffd6
ffd6
ffd6
ffd6
ffd6
ffd6
ffd6
ffd6
ffd6
ffd6
ffd6
ffd6
ffd6
ffd6
ffd6
ffd6
ffd6
ffd6
0000
0044
0044
0044
0044
0044
0044
0044
0044
ffa2
ffa2
0001
0001
0001
0001
0000
0000
0000
0000
0000
0000
0000
0000
0000
0000
0000
0000
0000
0000
0000
0000
0000
0000
0000
0000
0075
0000
0000
0000
0000
0000
0000
0000
0000
0000
0000
0000
0000
0000
0000
0000
0000
0000
0000
0000
0000
0000
0000
0000
0000
0000
0000
fffa
fffa
fffa
fffa
fffa
fffa
fffa
fffa
fffa
fffa
0001
0001
0000
0000
0000
0000
0000
0001
0001
0001
0001
0001
0001
0001
0001
0001
0001
0001
0001
0001
0001
0001
0001
0001
0001
0001
0001
0001
0001
0001
0001
0001
0001
0001
0001
0000
0000
0000
0000
0000
0000
0000
0000
0000
0000
0000
0000
0000
0000
0000
0000
0000
0000
0000
0000
0000
0000
0000
0000
0000
0000
0000
0000
0000
0000
0000
0000
0000
0000
0000
0000
0000
0000
0000
0000
0000
0000
0000
0000
0000
0000
0000
0000
0000
0000
0000
0000
0000
0000
0000
0000
0000
0000
0000
0000
0000
0000
0000
0000
0000
0000
0000
0000
0000
0000
0000
0000
0000
0000
0000
0b2b
0b2b
0b2b
0b2b
0b2b
0b2b
0000
0000
0000
0000
0000
0000
0000
0000
0000
0000
0000
0000
0000
0000
0000
0000
0000
0000
0000
0000
0000
0000
0000
ffc5
ffc5
ffc5
ffc5
ffc5
ffc5
ffc5
ffc5
ffc5
ffc5
ffc5
ffc5
ffc5
ffc5
ffc5
ffc5
ffc5
0001
0001
0001
0001
0001
0001
0001
0001
0001
0001
0001
0001
0001
0001
0000
0000
0000
0000
0000
0000
0000
0000
0000
0035
0035
0035
0035
0035
0000
0000
0000
0000
0000
0000
0000
0001
0001
0001
0001
0001
0001
0001
0001
c1a2
c1a2
c1a2
c1a2
c1a2
c1a2
ff85
ff85
ff85
ff85
ff85
ff85
ff85
ff85
ff85
ff85
0000
0000
0000
0000
0000
0000
0000
0000
0000
0000
0000
0000
0000
0000
0000
0000
0000
0000
0000
0000
0000
0000
0000
0000
0000
0000
0000
0000
0000
0000
0000
0000
0000
0000
0000
0000
0000
0000
0000
0000
0000
0000
0000
0000
0000
0000
0000
0000
0000
0000
0000
0000
0000
0000
0000
0000
0000
0000
0000
0000
0000
0000
0000
0000
0000
0000
0000
0000
0000
0000
0000
0000
0000
0000
0000
0000
0000
0000
0000
0000
0052
0052
0052
0052
0052
0052
0052
0052
0052
0052
0052
0052
0052
0052
0052
0052
0052
0052
0052
0052
0052
0052
0052
0052
0052
0052
0052
0052
0052
0052
0052
0052
0052
0052
0052
0052
0052
0052
0052
0052
0052
0052
0052
0052
0052
0052
0052
0052
0052
0052
0052
0052
0052
0052
0052
2cd6
2cd6
2cd6
2cd6
2cd6
2cd6
2cd6
2cd6
2cd6
2cd6
0000
0000
0000
0000
0000
0000
0000
0000
0001
0001
0001
0001
0001
0001
0001
0001
0001
0001
0001
0001
0001
0001
0001
0001
0001
0001
0001
0001
0001
0001
0001
0001
0001
0001
0001
0001
0001
0001
0001
0001
0001
0001
0001
0001
0001
0001
0001
0001
0001
0001
0001
0001
0001
0001
0001
0001
0001
0001
0001
0001
0001
0001
0001
0001
0001
0001
0001
2309
2309
367c
367c
367c
367c
367c
367c
367c
367c
367c
7810
7810
7810
7810
7810
7810
7810
7810
7810
7810
7810
7810
7810
0001
0001
0001
0001
0001
0001
0001
ff9d
ff9d
ff9d
ff9d
ff9d
ff9d
ff9d
ff9d
ff9d
ff9d
ff9d
ff9d
ff9d
ff9d
ff9d
ff9d
ff9d
ff9d
ff9d
ff9d
0000
0000
0000
0000
0000
0000
0000
0000
0000
0000
0000
0000
0000
0000
0000
0000
0000
0000
0000
0000
0000
0014
0014
0014
0014
0014
0014
ffff
0001
0001
0001
0001
0001
0001
0001
0001
0001
0001
0001
0001
0001
0001
0000
0000
0000
0000
0000
0000
0000
0000
0000
0001
0001
0001
0001
0001
0001
0001
0001
0001
0001
0001
0001
0001
0001
0001
0001
0001
0001
ffff
ffff
0000
0000
0000
0000
0000
0000
0000
0000
0000
0000
0000
0000
0000
0000
0000
0000
0000
0000
0000
0000
c8db
c8db
c8db
c8db
c8db
c8db
c8db
c8db
0000
0000
0000
0000
0000
0000
0000
0000
0000
0000
0000
0000
